umol/l to umol/kg 

278.9476002249666
nan
289.3145665694223
287.8296701657899
288.0915627584781
264.10567541600705
307.0605109827194
274.29023877818014
277.5462771620547
268.98904400298306
275.45398229382783
302.15936121253213
306.15202884219644
285.1203734213847
283.1398725750639
307.26125943801395
298.7675610590397
290.2341337190571
nan
298.76987637513486
265.9591365476993
291.74961882012593
nan
292.41215101615256
277.5933921165562
365.76898318109266
308.22056346315935
304.20008107174806
298.546704386257
297.69503702105203
300.27050453786
306.2218070726598
383.7594240677875
397.70342368190666
329.6109784754672
293.784831015329
298.3882678470273
255.2187637318055
264.326051739947
351.93464373973234
439.8628108964605
345.45793038074027
322.290654838135
254.68940832878545
253.8112531804535
267.1954350833815
371.2020469046002
319.79897041952137
317.24229356535693
298.69007298623904
316.22098141091215
274.263653804669
330.3849003130279
299.2682109027661
318.61552111070006
319.4284904655929
375.3527884639521
427.3253963007025
335.01419295905293
339.28824632161735
370.3178151672802
nan
316.772564322048
nan
340.13466988701015
300.28377004550526
312.50505061431556
418.2838334481359
341.4517715168301
321.6915371596504
293.80483686500276
305.57949870944844
nan
305.8565150575211
354.6175714052582
304.0348565896595
314.6111723934831
317.58562832676205
286.04786663113117
311.40919873611443
344.4212786025903
308.33608644487464
305.2795445999414
304.9826908750409
293.94560832611864
310.5359781659731
291.69280513970915
291.5192437587101
305.88078102814796
307.2772880182454
294.78364013630426
nan
311.07021318948904
291.38750348514696
298.56872740581605
302.20830359666456
376.29998823492116
365.23091561101955
304.6821795462679
286.421204482836
nan
303.26254293286314
372.7245437416967
369.569999428633
307.6215208834972
309.3861925587537
309.0503085368153
310.39533990449866
310.5902623351782
311.72941243023365
388.1548503405569
302.46717979884284
302.65515602624157
413.1795331720338
297.02698473363114
380.467741800069
298.07704338520506
nan
355.87813398818145
330.30107150334106
309.8116194524365
327.7548356681876
318.7119450699125
298.3394455059698
nan
291.4052070821431
292.17424430151016
325.80362605158916
351.5208700455502
376.6281800894545
370.0144438947859
316.76666033102134
310.25943629851787
308.0469275341464
290.0885428447782
296.49835659090814
324.65268832467086
321.85633935351046
360.096688837851
361.9341047832517
nan
298.80371165995956
299.1851999677073
297.60557424840846
294.1276360902264
291.415553750011
288.3369161320366
278.96793214111403
nan
338.34584299047793
347.4518868434938
351.3099313057121
356.507021291212
328.08123513493734
319.69203112419734
323.4877174860394
381.7237875519726
382.02975645309994
293.05844451527423
273.74808826220595
267.3985193118449
266.98885639923077
275.3501972661519
315.48797056025654
371.1300892230672
303.3894146542492
nan
nan
nan
nan
nan
nan
nan
nan
nan
nan
nan
nan
nan
nan
nan
nan
nan
nan
nan
nan
nan
nan
nan
nan
nan
nan
nan
nan
nan
nan
nan
nan
nan
nan
nan
nan
nan
nan
nan
nan
nan
nan
nan
nan
nan
nan
nan
nan
nan
nan
nan
nan
nan
nan
nan
nan
nan
nan
nan
nan
nan
nan
nan
nan
nan
nan
nan
nan
nan
nan
nan
nan
nan
nan
nan
nan
nan
nan
nan
nan
nan
nan
nan
nan
nan
nan
nan
nan
nan
nan
nan
nan
nan
nan
nan
nan
nan
nan
nan
nan
nan
nan
nan
nan
nan
nan
nan
nan
nan
nan
nan
nan
nan
nan
nan
nan
nan
nan
nan
nan
nan
nan
nan
nan
nan
nan
nan
nan
nan
nan
nan
nan
nan
nan
nan
nan
nan
nan
nan
nan
nan
nan
nan
nan
nan
nan
nan
nan
nan
nan
nan
nan
nan
nan
nan
nan
nan
nan
nan
nan
nan
nan
nan
nan
nan
nan
nan
nan
nan
nan
nan
nan
nan
nan
nan
nan
nan
nan
nan
nan
nan
nan
nan
nan
nan
nan
nan
nan
nan
nan
nan
nan
nan
nan
nan
nan
nan
nan
nan
nan
nan
nan
nan
nan
nan
nan
nan
nan
nan
nan
nan
nan
nan
nan
nan
nan
nan
nan
nan
nan
nan
nan
nan
nan
nan
nan
nan
nan
nan
nan
nan
nan
nan
nan
nan
nan
nan
nan
nan
nan
nan
nan
nan
nan
nan
nan
nan
nan
nan
nan
nan
nan
nan
nan
nan
nan
nan
nan
nan
nan
nan
nan
nan
nan
nan
nan
nan
nan
nan
nan
nan
nan
nan
nan
nan
nan
nan
nan
nan
nan
nan
nan
nan
nan
nan
nan
nan
nan
nan
nan
nan
nan
nan
nan
nan
nan
nan
nan
nan
nan
nan
nan
nan
nan
nan
nan
nan
nan
nan
nan
nan
nan
nan
nan
nan
nan
nan
nan
nan
nan
nan
nan
nan
nan
nan
nan
nan
nan
nan
nan
nan
nan
nan
nan
nan
nan
nan
nan
nan
nan
nan
nan
nan
nan
nan
nan
nan
nan
nan
nan
nan
nan
nan
nan
nan
nan
nan
nan
nan
nan
nan
nan
nan
nan
nan
nan
nan
nan
nan
nan
nan
nan
nan
nan
nan
nan
nan
nan
nan
nan
nan
nan
nan
nan
nan
nan
nan
nan
nan
nan
nan
nan
nan
nan
nan
nan
nan
nan
nan
nan
nan
nan
nan
nan
nan
nan
nan
nan
nan
nan
nan
nan
nan
nan
nan
nan
nan
nan
nan
nan
nan
nan
nan
nan
nan
nan
nan
nan
nan
nan
nan
nan
nan
nan
nan
nan
nan
nan
nan
nan
nan
nan
nan
nan
nan
nan
nan
nan
nan
nan
nan
nan
nan
nan
nan
nan
nan
nan
nan
nan
nan
nan
nan
nan
nan
nan
nan
nan
nan
nan
nan
nan
nan
nan
nan
nan
nan
nan
nan
nan
nan
nan
nan
nan
nan
nan
nan
nan
nan
nan
nan
nan
nan
nan
nan
nan
nan
nan
nan
nan
nan
nan
nan
nan
nan
nan
nan
nan
nan
nan
nan
nan
nan
nan
nan
nan
nan
nan
nan
nan
nan
nan
nan
nan
nan
nan
nan
nan
nan
nan
nan
nan
nan
nan
nan
nan
nan
nan
nan
nan
nan
nan
nan
nan
nan
nan
nan
nan
nan
nan
nan
nan
nan
nan
nan
nan
nan
nan
nan
nan
nan
nan
nan
nan
nan
nan
nan
nan
nan
nan
nan
nan
nan
nan
nan
nan
nan
nan
nan
nan
nan
nan
nan
nan
nan
nan
nan
nan
nan
nan
nan
nan
nan
nan
nan
nan
nan
nan
nan
nan
nan
nan
nan
nan
nan
nan
nan
nan
nan
nan
nan
nan
nan
nan
nan
nan
nan
nan
nan
nan
nan
nan
nan
nan
nan
nan
nan
nan
nan
nan
nan
nan
nan
nan
nan
nan
nan
nan
nan
nan
nan
nan
nan
nan
nan
nan
nan
nan
nan
nan
nan
nan
nan
nan
nan
nan
nan
nan
nan
nan
nan
nan
nan
nan
nan
nan
nan
nan
nan
nan
nan
nan
nan
nan
nan
nan
nan
nan
nan
nan
nan
nan
nan
nan
nan
nan
nan
nan
nan
nan
nan
nan
nan
nan
nan
nan
nan
nan
nan
nan
nan
nan
nan
nan
nan
nan
nan
nan
nan
nan
nan
nan
nan
nan
nan
nan
nan
nan
nan
nan
nan
nan
nan
nan
nan
nan
nan
nan
nan
nan
nan
nan
nan
nan
nan
nan
nan
nan
nan
nan
nan
nan
nan
nan
nan
nan
nan
nan
nan
nan
nan
nan
nan
nan
nan
nan
nan
nan
nan
nan
nan
nan
nan
nan
nan
nan
nan
nan
nan
nan
nan
nan
nan
nan
nan
nan
nan
nan
nan
nan
nan
nan
nan
nan
nan
nan
nan
nan
nan
nan
nan
nan
nan
nan
nan
nan
nan
nan
nan
nan
nan
nan
nan
nan
nan
nan
nan
nan
nan
nan
nan
nan
nan
nan
nan
nan
nan
nan
nan
nan
nan
nan
nan
nan
nan
nan
nan
nan
nan
nan
nan
nan
nan
nan
nan
nan
nan
nan
nan
nan
nan
nan
nan
nan
nan
nan
nan
nan
nan
nan
nan
nan
nan
nan
nan
nan
nan
nan
nan
nan
nan
nan
nan
nan
nan
nan
nan
nan
nan
nan
nan
nan
nan
nan
nan
nan
nan
nan
nan
nan
nan
nan
nan
nan
nan
nan
nan
nan
nan
nan
nan
nan
nan
nan
nan
nan
nan
nan
nan
nan
nan
nan
nan
nan
nan
nan
nan
nan
nan
nan
nan
nan
nan
nan
nan
nan
nan
nan
nan
nan
nan
nan
nan
nan
nan
nan
nan
nan
nan
nan
nan
nan
nan
nan
nan
nan
nan
nan
nan
nan
nan
nan
nan
nan
nan
nan
nan
nan
nan
nan
nan
nan
nan
nan
nan
nan
nan
nan
nan
nan
nan
nan
nan
nan
nan
nan
nan
nan
nan
nan
nan
nan
nan
nan
nan
nan
nan
nan
nan
nan
nan
nan
nan
nan
nan
nan
nan
nan
nan
nan
nan
nan
nan
nan
nan
nan
nan
nan
nan
nan
nan
nan
nan
nan
nan
nan
nan
nan
nan
nan
nan
nan
nan
nan
nan
nan
nan
nan
nan
nan
nan
nan
nan
nan
nan
nan
nan
nan
nan
nan
nan
nan
nan
nan
nan
nan
nan
nan
nan
nan
nan
nan
nan
nan
nan
nan
nan
nan
nan
nan
nan
nan
nan
nan
nan
nan
nan
nan
nan
nan
nan
nan
nan
nan
nan
nan
nan
nan
nan
nan
nan
nan
nan
nan
nan
nan
nan
nan
nan
nan
nan
nan
nan
nan
nan
nan
nan
nan
nan
nan
nan
nan
nan
nan
nan
nan
nan
nan
nan
nan
nan
nan
nan
nan
nan
nan
nan
nan
nan
nan
nan
nan
nan
nan
nan
nan
nan
nan
nan
nan
nan
nan
nan
nan
nan
nan
nan
nan
nan
nan
nan
nan
nan
nan
nan
nan
nan
nan
nan
nan
nan
nan
nan
nan
nan
nan
nan
nan
nan
nan
nan
nan
nan
nan
nan
nan
nan
nan
nan
nan
nan
nan
nan
nan
nan
nan
nan
nan
nan
nan
nan
nan
nan
nan
nan
nan
nan
nan
nan
nan
nan
nan
nan
nan
nan
nan
nan
nan
nan
nan
nan
nan
nan
nan
nan
nan
nan
nan
nan
nan
nan
nan
nan
nan
nan
nan
nan
nan
nan
nan
nan
nan
nan
nan
nan
nan
nan
nan
nan
nan
nan
nan
nan
nan
nan
nan
nan
nan
nan
nan
nan
nan
nan
nan
nan
nan
nan
nan
nan
nan
nan
nan
nan
nan
nan
nan
nan
nan
nan
nan
nan
nan
nan
nan
nan
nan
nan
nan
nan
nan
nan
nan
nan
nan
nan
nan
nan
nan
nan
nan
nan
nan
nan
nan
nan
nan
nan
nan
nan
nan
nan
nan
nan
nan
nan
nan
nan
nan
nan
nan
nan
nan
nan
nan
nan
nan
nan
nan
nan
nan
nan
nan
nan
nan
nan
nan
nan
nan
nan
nan
nan
nan
nan
nan
nan
nan
nan
nan
nan
nan
nan
nan
nan
nan
nan
nan
nan
nan
nan
nan
nan
nan
nan
nan
nan
nan
nan
nan
nan
nan
nan
nan
nan
nan
nan
nan
nan
nan
nan
nan
nan
nan
nan
nan
nan
nan
nan
nan
nan
nan
nan
nan
nan
nan
nan
nan
nan
nan
nan
nan
nan
nan
nan
nan
nan
nan
nan
nan
sigma-t
25.577840136567602
25.577681165873173
25.503082745082565
24.543170723647336
26.413190197802578
26.297596494482605
23.979980342360022
23.736997535246587
26.424715953451596
26.295848305771415
25.715008899803706
23.905786861877573
26.332781423307097
26.28562942971098
25.358335297804388
24.053275624475646
26.341345804289404
26.318994196378753
26.319717628876333
26.286393126876646
26.234754492253842
23.911475387994074
23.944538830892384
23.851551173953
25.453361946299765
25.736587167771404
22.37818320536894
25.248633732087683
22.35862501803706
25.451936165170764
26.082064151434224
26.342167478053625
25.74820502770808
25.835070070483653
24.214720521291156
25.73252015273897
26.09487567709789
26.147687460813813
26.000503600812408
25.81122439024648
25.288976762706852
24.209396524903013
24.11029530399378
26.12108534417871
26.121274909874955
26.029448873062393
25.18116581884601
24.163199369721724
24.035675221444308
25.925725406072615
23.939423802024294
25.961144674321304
23.389904864448567
25.90469824325146
25.90614876678319
25.85379006853691
25.698899895009845
25.628439812154284
23.071893380624033
22.988451745508428
23.800876090010433
23.782870891700327
25.990975719669905
25.991583871814328
23.181431094951677
25.929876440923863
25.879625528567203
25.266551099385197
24.313556337079035
24.238972865735832
26.009954827627553
26.006528167348733
26.00647687891137
25.997047148018282
24.554175531226065
25.956591947585594
24.170078413510282
24.0987585413136
25.96889099840041
25.53724326757765
25.05363150737935
24.17020155199316
24.146107167836817
24.155974241756667
25.931929098340106
24.13160200722905
25.490074932529296
25.448697127625792
24.16318261974061
24.129023754317814
25.90213167923821
25.90052582580188
26.59460231080243
26.508191403090677
26.425911255802248
26.27850859430555
23.612653581938844
23.275305910943416
26.4564959648651
26.48295988022278
26.481848581974646
26.379072370002177
23.3596805053362
23.060221025902592
26.460066555569483
26.454812264099246
26.45039735403111
26.454073692046222
26.45362093147378
26.452613840575168
22.743202749360762
26.32410401172251
26.44196708502318
23.039099383469875
26.537824411602514
22.88794276942133
26.578402096389482
26.57812601469209
24.012502583545484
26.2434374106208
24.852153257426608
23.226279838992923
26.101911957716766
26.792070289177445
26.79281970833722
26.89356753892116
26.780954690910903
26.434393173534318
26.1708067383247
25.879931258012675
25.737375830447263
24.434285037732252
24.436938621223135
24.317016000827607
26.824128863943088
24.473377163110854
24.12920563126545
24.128525671075522
24.097057071403242
24.09664909022922
34.03317292610609
34.0331163677547
32.759817442007716
31.54439554870578
30.809415022101803
30.322176480563712
29.828670165928088
29.29549803864893
29.295841735641716
26.96314584180891
26.454900964882427
26.043459575089855
25.2422176040036
24.84590367294254
24.480315159192287
23.91845654632766
22.034947578115634
21.099416500268376
26.71851922805672
26.718188186170437
26.71869988862204
26.71856719780976
27.91382541272992
26.71323640257083
21.226009169517738
24.23857916773818
25.577442666646448
25.5780906341422
25.558672902825492
25.558631364116536
25.503219944283273
25.428883062728573
25.45382121777925
24.94532047901089
24.987242293545478
24.521708885505404
26.412954160615755
26.41346013876955
26.413559978731428
26.413746238594285
26.413735435537546
26.393590719628946
26.39420885890854
26.34401822848872
26.344130934834993
26.297784003018023
24.031933045963115
23.737094713286638
26.424533983740275
26.425047563845055
26.424601616661903
26.425052029721655
26.42484163307222
26.404500963190458
26.403765305475417
26.34696669306959
26.346649564054815
26.295093406338083
25.694413833911767
23.926410304124715
26.333449934338432
26.333222166650557
26.332197619087765
26.332688113650875
26.331990235120884
26.285223034210503
26.263493989172503
26.263152096935073
26.174982729613703
26.18060510314831
25.280826473974912
24.27335591076121
24.2439844893147
24.077721961146835
26.340956137568583
26.340408237840393
26.340907211934564
26.341606113060607
26.34144740052875
26.28836865986659
26.23446784415546
23.851809949562607
26.012944563415658
26.013550242164
26.013315714953706
26.012944250018336
25.99804060904262
25.99834188905743
25.95012638960361
25.95034485819633
25.899809760998096
25.89956517508358
25.757657784727826
25.761346718935556
25.57089459823237
25.571054266460123
25.460717664837603
21.6380139964283
21.363414318194828
25.736498793316514
25.736150108938546
25.736536771768897
25.723496598157908
25.72416741333018
25.651938423704223
25.65299273449773
25.510683983890203
25.50889016989163
25.45098963857049
25.451622631061127
25.31859073408509
25.326068158359476
22.25397317255522
22.25411548297393
23.99556563764679
23.996464881635234
23.99623486456096
23.99620353007333
23.903278901448516
23.902512085323337
23.721408802161932
23.692264570116777
22.453011651901306
22.501602234356483
22.390259886899685
25.246643280915805
25.246693261253085
25.24685512476117
25.20026611599019
25.200281224446144
25.106978046401764
25.109486521944746
25.0473253107848
25.048733422823716
23.072672610132486
23.234632118478203
22.69187130051057
22.685062127221272
25.39560358551057
25.39518855324968
25.39529705432051
25.395307185701995
25.372177764344997
25.37254209335879
25.325380703274732
25.32517579773753
25.200950602956482
25.20702611831439
25.080299359987066
25.088183535654707
24.81519462125948
24.78608571557652
22.32865615312926
25.452752753391906
25.452907508311455
25.452901228155724
25.42704417758091
25.42565859409069
25.370645915324758
25.370101514001362
25.303050123761523
25.299803314569772
24.859732111004632
24.8652209559325
23.20615224908363
23.206460990277947
26.08174434660782
26.081865315756886
26.08171839551619
26.02903675287257
26.02893222157445
25.977141632865823
25.97727943907512
25.923553488714333
25.923326196970493
25.667954562009754
25.667114737579368
24.86306485358932
24.86211576433152
24.821504066420857
24.8222748370747
26.342287431364866
26.34215117594863
26.342029055059356
26.32100785943976
26.321148647141626
26.262817929893572
26.26252938721791
26.20906557537114
26.209042409515405
26.17216778991974
26.172458967453622
25.985684775952677
25.988597423641977
25.785527416690456
25.785162392253824
25.7486432426158
26.32443982976747
26.324393837347543
26.324406887180885
26.32429216067112
26.324381845878406
26.324470472118037
26.228639697414565
26.228788182428616
26.229125999173448
26.2289674745482
26.228747350834965
26.228851898718858
26.20164763316211
26.20150760156298
26.1526439924869
26.152656310969633
26.104665396801238
26.104330892517282
26.047034612156267
26.043748262428608
25.83562605869747
25.7660227058052
25.764396402116517
26.21247026117976
26.213161851273526
26.213126718890635
26.213242799320142
26.213470943146604
26.21361140495469
26.1715013316948
26.17146475980826
26.112751263698783
26.1126874204042
26.06364039743903
26.06416792129835
26.012172697241567
26.01456952780427
25.77376371604646
25.770002888823
24.218395974531177
25.74882130963192
25.749236225759205
25.749737184780088
25.74994677431505
25.750167146502918
25.75061977898872
25.732127393001065
25.32222187797811
25.32207653454816
25.196197879617557
25.20124802593091
24.755972632380008
24.703380441330637
24.571977011963554
24.568193390711485
26.10404988591904
26.104443237853502
26.104506462688732
26.104240068540093
26.104336785710984
26.104479223014096
26.094883304403083
25.856031525282333
25.858683911714024
24.460047756728954
24.458251728623054
24.267872808591846
24.2678330993258
24.23196091865293
24.232393838477037
26.14749587893357
26.147393774544526
26.147398568232347
26.147402041558962
26.147414213183993
25.994098458599865
25.821367690797615
25.18823277530896
24.23670144229186
24.11308282433606
26.12035584754767
26.12033429674034
26.119189870999435
26.11948438365698
26.11402725578955
26.12356944874523
26.03035430349769
25.783271762690447
25.652504682760537
25.17216348333136
24.1627981791994
24.03922105608467
26.145249131995797
26.145003378866477
26.145085865573037
26.144811627304534
26.14511091345912
26.14558542707664
25.924657248529
25.702000567390996
25.74016660481766
25.66051202329504
25.668692590776573
24.353421552341388
24.28163589620226
24.010222229939245
24.000338762814863
26.049247754744556
26.048239780545828
26.04545541499192
26.040738678848356
26.039065817405344
26.03098640598978
25.984751895309728
25.98604774753653
25.781021142593545
25.693448112416945
24.06441316595601
24.009114217926708
23.93887990607641
26.07785843505144
26.077420397686183
26.07696637075651
26.077252951254195
26.077070614829836
26.07657206041381
25.961353976882492
25.89503604988613
25.897257602752234
25.83115946301723
25.830985238865424
24.280795294093195
24.2724289576297
24.253584049263964
24.254554952800618
25.94463401671169
25.944828013258302
25.94510369363593
25.94510059190884
25.945495902061793
25.944970007547226
25.810660000380494
25.810000302716162
25.733740289543675
25.734249861631497
25.520504532229097
25.520642591458
24.159119292961577
24.176388414842222
23.375792097128624
25.903810486800694
25.90488150650731
25.905964613323476
25.9041286805425
25.90538740279362
25.842943055834894
25.83495335038924
25.73470917804275
25.73487983678524
25.510714290745682
25.520238234109684
23.110007760622807
23.109657462575683
23.0722496569623
23.071592947955992
25.903021742180044
25.903555215853885
25.90440561188393
25.904822936576466
25.90382511254029
25.85306668301314
25.708248510194608
25.627559193637126
23.08318591772354
22.98824175199036
25.940118006549028
25.939965492905912
25.939751247430877
25.940016750008226
25.93982486221489
25.939310191030927
25.88786121844464
25.887951857472217
25.855651819065088
25.85464243308388
25.651811104533863
25.64799959149741
23.87372655729382
23.872503869329535
26.015600794119564
26.016879791777228
26.013857605147678
26.00933731033888
25.783754253957795
25.777014603851967
24.584651127365532
24.58185991395726
23.535456412112353
23.587322977785107
23.26097097707361
23.259762141631768
25.95090970576939
25.951305803393097
25.95165240119195
25.951275694106926
25.95121269655442
25.951234072862235
25.630863281958682
25.633588195867333
24.512285941571918
24.512823265002226
23.258605666015
23.258051772926024
23.17909102349074
25.93090899964932
25.931193205128693
25.931000476817417
25.93003247614024
25.928005465917522
25.87853697565697
25.29010856361674
24.334198984806562
23.89563702460896
23.892135339290462
26.055971147228774
26.055584128404917
26.054812738606415
26.055326327959847
26.055958667591085
26.055572600463847
25.871076886365017
25.87102475168126
25.766167474621852
25.769043180555173
24.847098216143877
24.85384860850172
24.35463778838698
24.3494732410727
24.238839017432838
26.007294993235064
26.00872039791534
26.008322384761414
26.00841342312151
26.009815551268957
25.97521239343496
25.97535979237614
25.79103847224451
25.791501196462605
25.6330706900319
25.644303286878767
24.239958495382098
24.235094758660807
24.08627510509814
24.08627974823321
26.012940204653887
26.013426360135554
26.013191414676612
26.012940582348847
26.01293182990389
26.013125692466247
25.997034391662055
25.98669166080458
25.986790224417064
25.961735343767486
25.96204843385044
25.294433007047473
25.268047673476985
25.09324143966478
25.093106156983367
24.50782304021436
23.95245150148469
23.952628674601442
25.957343228503078
25.957096484739168
25.95692447909073
25.95648539022386
25.956458847997737
25.829496636457634
25.832052999054213
24.74057725913235
24.7545167921146
24.338614590167936
24.32793864478367
24.30232943083979
24.298332303175812
25.861480309686385
25.862404504278402
25.8616031991196
25.86107888319998
25.86192122819648
25.86197182381943
25.775661124832823
25.77649529555856
24.847482464458608
24.992282940838095
24.2028951222444
24.201226738905234
24.168706902716394
25.86133796651552
25.86115093070316
25.859842554678835
25.858714063730304
25.86129101684196
25.861438163939738
25.537283727741624
25.465820939951982
25.51717027612881
25.52965126479353
25.3886695386916
25.365655306430654
24.097005270871932
24.068253114219033
24.069669253402026
25.968225971720358
25.967498698484405
25.96841813427841
25.969380248028756
25.96922794230727
25.53841429002364
25.07749260235778
24.169187591675836
24.145882495952037
26.014683039857573
26.015950661425677
26.01495576706725
26.015165176864002
26.01433180379786
26.01325085614849
25.48228861749749
25.347194928120643
24.19599481193677
24.196677264609207
24.155771302214816
24.12644025577879
24.12806064974302
25.931983827305203
25.93039714532506
25.93161425315725
25.93139037966148
25.931732893822073
25.323567704811467
25.32551614768431
24.82729471810194
24.837748313603015
24.203169181500016
24.20371882779773
24.154078734515906
24.152768546741754
24.122506447576598
24.123700581445974
25.65956216143468
25.65560231269933
25.65902829405286
25.66165384327246
25.661541828792906
25.662916381639207
25.204191323970463
25.169299596358087
24.177434887976005
24.177420381274487
24.13179130110143
24.1002461273672
24.102085312102417
25.48886600876017
25.489640925066396
25.48999133104212
25.490229405060745
25.48973350344272
25.45138630779161
25.391781195223984
25.39912136831117
24.21221825913335
24.211874258940725
24.16263158391621
24.130395745806027
25.882615945159614
25.88238952182769
25.892241248639948
25.90158266570006
25.906098745685313
25.90896040679945
25.40211826359291
25.412906759533826
24.836448670417212
24.968255610694996
24.210949600600088
24.21083493457013
24.161691487582857
24.161490755170917
24.127544311786323
24.12737346354811
26.62328480523024
26.62297503045943
26.622862339031826
26.623015309623725
26.623074898602
26.62281451008039
26.594608945880964
26.585125972428614
26.584968382525858
26.43639290682904
26.435581750569327
26.26794885143613
26.266680784448226
26.259289541530507
26.242336879073036
26.04420650824568
26.046699373376896
23.75831018783458
23.76502391830718
23.702729032301022
23.69711583394792
26.525871070152107
26.525729125763974
26.526631105029082
26.5275485314437
26.526505266527465
26.526352069914765
26.507966791381023
26.414533819898224
26.278340039905743
26.257976996059142
26.26080191453252
23.600980284660295
23.283544074726706
26.454738778750425
26.455933349984207
26.455615888479088
26.455660023640576
26.457388365276984
26.426078987803294
26.42582350619182
26.330404492587604
26.329100868610567
26.207911570744272
26.20900464123997
25.996958059096414
26.00195887319751
23.63957177328882
23.64282355625005
23.490136583127196
23.486932416824743
26.48236871693507
26.48202419027598
26.481019069828108
26.48084323259718
26.463538247028737
26.46290818955913
26.379113082304684
26.251901624131506
26.262036806111155
26.053025805764946
25.833486899127138
23.450011860919062
23.457631392192525
23.357365275360166
26.48356757198485
26.484571666598868
26.483820066452154
26.483119045119793
26.48433056698468
26.48414666030976
26.464707506641844
26.46257034016321
26.395170046297608
26.385145071853458
26.325397061878903
26.322802559201364
25.18945060460146
25.281156156822817
23.092435276137735
23.092994011520886
23.063598068851775
26.512793257103112
26.513465617382508
26.512872758699586
26.511511870121467
26.5105084758261
26.511049345699575
26.497057858517564
26.496647520878014
26.41574384142791
26.415317296976582
26.328464868005312
26.326488779310694
26.02996051807463
26.048610846119118
22.95283534655607
22.958300333052875
22.748622881666847
26.31860643445566
26.320005041618742
26.320454470547702
26.322497374236264
26.325548127818138
26.24383943179214
26.243034655371503
26.20705035765809
26.206943649418918
26.121478612494002
26.125892128084843
23.375688593004043
23.357818225969254
23.08330302971376
23.08390595195135
26.44058186764414
26.43856008667285
26.44122359269022
26.44305130655698
26.43916207526263
26.336118554277846
26.33657624692046
26.298851817122568
26.2995856975067
25.851891483682266
25.91848378336863
23.010281073921078
22.988607416838704
22.732380586623776
22.733227045462854
26.478029345908
26.476698046729098
26.47670043377093
26.477913489762386
26.479032282647495
26.478887393130435
26.438489689368225
26.437844836841123
26.294379988644778
26.293961544988633
26.23258747216846
26.232363265229424
26.167242784583095
26.16850151814242
23.2564360189092
23.228987327396226
23.05494674019792
26.5389976714348
26.537404466659837
26.5401829150112
26.541523936590238
26.53907551295856
26.511004920000914
26.512601353849732
26.396134935410373
26.37895378311873
26.313349384201047
26.309262697779104
25.604818368220776
25.6207698199255
23.636796686635762
23.555152318012915
22.919345990227043
22.89486118254763
26.537975285123593
26.537289449721584
26.540659270245214
26.540668876634072
26.53659292619045
26.54176199015933
26.515429195342676
26.514640488725263
26.443256864668456
26.443475470827934
26.34784327918601
26.3513064241738
26.275996390819955
26.288161536200732
23.670269480253523
23.58955921982465
22.87909500494675
26.579046269892615
26.578059518317787
26.577585604475644
26.57801886666857
26.529031825039965
26.53667852627109
26.0641303333382
26.053116038101734
25.256287778229307
25.24982820609739
23.460178041941276
23.45541378331768
23.41024423644876
23.408846850029363
26.556366519769654
26.561766777013872
26.565908704940057
26.556300598595953
26.5561394500603
26.561544898891043
26.206803039654005
26.209131783217117
25.550004977397293
25.561965816153815
24.07508899736945
24.0763570351437
24.019928057631432
24.022459607653673
24.00649754804931
26.248509459863726
26.247705024741435
26.248759407679927
26.249940921654343
26.25109820958596
26.250805882710893
26.24410003882872
26.219835076015215
26.221897932949787
25.818079992809317
25.811111787866594
25.235892809093002
25.23033177700063
24.233212484643445
24.234511839961442
24.212175976509343
24.209218216115232
24.84669573333258
24.85220628973616
24.853209440274213
24.852448042845253
24.852111264645828
24.765869112714427
24.766949427339114
24.654224585287693
24.65875984019567
23.20080063315163
23.189561438735723
23.150958676853065
23.12051335863498
25.576768602695665
25.576640324193477
25.575243901960903
25.575710787704338
25.575294357563735
25.575584905525147
25.384307740869417
25.383965006542667
24.521086933069228
24.519334361555593
24.290884101219035
24.289609846346593
23.218781213401485
23.21940072421512
23.225182341818254
26.103343152887646
26.103282031373737
26.10228017837062
26.101903996838246
26.1027653930405
26.05295746750153
26.052993735107975
25.40750375358948
25.407411220960967
24.905469843848323
24.904988131411983
24.654391732792647
24.65086286168298
24.503571862808485
24.502550453819595
23.76364003742526
23.7564134939189
23.73847051093037
23.73916961887653
26.79277443922433
26.79276786580681
26.792101831238142
26.791714603980836
26.391684579733237
26.3921466119009
25.681521306432614
25.679994338415327
25.31119949019876
25.312376977233498
25.05355904737462
25.060886462797498
24.265299619193
24.265515665007797
24.22094441022
24.21999637257136
24.195402304192612
24.194357809890334
26.893742650682043
26.893278466889797
26.894404741655308
26.894015599811837
26.89432488223497
26.781147918783745
26.436163336932395
26.176167251176594
25.88017517538833
25.736554795130814
25.179198298584424
24.444917228097893
24.316796668971847
26.82417795705055
26.82407388502952
26.824338153800227
26.82430523209655
26.82442490889025
26.760594452233363
26.759718593669277
26.500260753838347
26.499831990624216
25.996794950251115
25.996757564212658
25.86353249224021
25.862911900283052
25.641174870259192
25.63572624823928
24.476815426352232
26.718190839868612
26.71811377310678
26.678961136886755
26.6794545574503
25.934108964820553
25.934287849198427
25.804271208458886
25.804224522729328
25.565108880129173
25.569110033688503
25.380297188973373
25.380045598323022
24.49504746348771
24.481338672762604
24.223244510954373
24.2133189307051
26.645242057836867
26.645473752731732
26.645534146994805
26.64555213160861
26.645787854384935
26.64597700932063
26.26941198761483
26.26825119934915
25.883090164825035
25.883554917231095
25.544339575832964
25.54219503960212
24.472965296717348
24.464184403198487
24.19526957552921
24.19344875489878
24.105496214747063
24.106153308973944
26.38356290848651
26.378889155490015
26.379030608463154
26.386103890888535
26.390892024993263
26.390726601229744
26.295006199905174
26.295162411375486
26.022407769267375
26.02893105677026
25.426381947037726
25.470621643340337
24.624729646168134
24.68614320773463
24.153251211430188
24.157127088621337
24.03261048433683
24.03003032290121
26.578091537603314
26.577563274918248
26.577414517919806
26.577411711173
26.577333611756103
26.577878374225747
26.509050710594693
26.504671312843357
26.29069535062149
26.28980047697064
25.35596327102121
25.357089402171596
24.896267411811323
24.902495710991843
23.533188877857242
23.51709569873242
23.399983818269902
23.40533714520768
29.308820783957344
29.30904083401947
28.956395884049243
28.956351895576518
27.629999766119
27.62865991088165
26.876236134068222
26.877948857712227
26.31767487308639
26.317678660471074
25.541408227302327
25.547714517531176
21.215600556493087
21.213595238579273
34.033046164686084
34.0330699604574
27.580627652122757
25.237804664061287
24.48603358878222
21.098275417039872
30.335193958383798
30.335215243907896
29.516114986154207
29.516193172948988
28.98465562015508
28.369209409524046
27.495684652742284
27.495826945051704
26.738020316508027
26.398579415822724
26.39790981723604
25.93470102713468
25.93433068061472
25.15730941470497
24.593660895471203
24.594332467702543
24.263370134315664
24.263801983483972
23.75540004897175
23.78163290385703
21.69372810973971
21.688385534793156
21.351044688950537
21.356426727445296
27.913868461446327
27.36548739437808
27.365833723623155
26.548764258061055
26.54901042484107
25.981166063888622
25.982141890471667
24.798223365433614
24.798400905572407
24.48258990497834
24.482849952061542
24.281459542463608
24.281147906021488
24.038226745518614
24.038567793121956
22.55408137749089
22.594295355788176
21.232209225240467
26.57680693822749
26.576690332339012
26.5525425942958
26.552474681841204
26.3977199998194
26.397040002750146
26.14689303676164
26.147681806071205
25.052275879989793
25.065782918045443
24.371024213051214
24.37154123100595
24.237848821051557
23.58259653299092
23.67525738029633
23.13790804517305
23.240211746700083
21.251440745757918
21.236839060518946
25.676126137673236
25.6776630564475
25.678292043033707
25.678436547007095
25.092862012905016
25.092165122639244
24.471114713592215
24.47517668387013
24.0114905796504
24.0077107658733
23.266074378616963
23.265291223231316
23.38439609131683
23.33295170810686
25.404794111725096
25.405959177526256
25.403213859677635
25.40453912669045
24.40269954438395
24.401012924529823
24.15339819431165
24.1563729859663
23.00658448043032
22.96682866635126
21.515604514886718
21.516104205657825
25.400118843036125
25.401865479047274
25.403359323686118
25.401400843371448
25.35503543579125
25.355084546011994
24.52462594036615
24.523778235447935
24.15791845256581
24.16911408009264
22.860062320025918
22.835528155671682
22.401682446464065
21.911668152255743
25.161949960680886
25.161892092402013
25.161695655923722
25.16238793376624
25.130452201400885
25.129545359693793
24.57808458868294
24.577472369027646
24.248411219570926
24.247878997758107
23.21451874836191
23.219779029081224
22.417451074721725
22.418577015946767
24.562078430009933
24.561556072684652
24.561450382698695
24.561539128941376
24.535466875644488
24.535288124492126
23.98305983394664
23.9880940488257
23.34165637411479
23.338167761544128
22.490333705363923
22.48618063263973
23.177553367916744
23.177312799443825
22.863914376838125
22.864058493522066
22.899118775669763
22.883248214543528
23.18202355753442
23.182610556844793
27.412988177041598
27.41044403959063
27.40802823003355
27.403436390219213
26.861360147287314
26.861113082753263
26.636351167701378
26.636241376816997
26.358240651661163
26.358290927703592
26.08528404030585
26.085442843317423
25.894458953162484
25.89447493921125
25.688870757456016
25.689033433977556
25.184541725440567
25.173845555890694
23.528886721014715
23.527917972155137
23.242190403497943
23.244176869308262
27.291136159802136
27.291621597075846
23.173718671532242
23.17313069613499
27.251566303782056
27.25154163300931
23.07574200522845
23.09025424317781
27.187289347568594
27.186456678001832
21.503206825556504
21.535140256714385
27.527542529074253
27.532033194781206
22.123961215804798
22.1223367563731
27.438793227285032
27.4389754433505
22.797450958365516
22.782623731960825
27.368018649809528
27.36759185171195
25.37840139946411
25.37675248428627
24.56035057490476
24.59531098485604
23.90407441805155
23.87557572787614
22.596589854985496
22.60253288389174
27.391049794859782
27.390800471450575
21.867614545219453
21.865943926761474
27.446791614084077
27.44655669535905
21.63116523453789
21.63103000872877
27.390248029028044
27.392500010015738
21.679540480555488
21.682566959980477
27.381814373856514
27.381704561165407
21.642341205312732
21.63597588081757
27.35569820654291
27.357845498763027
21.640124493002986
21.64637153425099
27.500993061675445
27.490029899517822
21.57547551583218
21.562346448315452
27.268881989956526
27.268346948579847
22.98503157547907
22.997024656810936
27.210963451248062
27.213547791385054
22.859497954092603
22.85758524975381
27.327327856643933
27.32992361147444
21.971762280720668
22.12806616677028
27.235157982761393
27.253436596312895
22.870653315502864
22.86984504866598
27.205584893875084
27.20551168652878
24.49384127606868
24.5056777996474
24.25114174734904
24.253701476690367
23.53625499076645
23.55616552184381
22.060186021627032
22.070801304860083
27.15402967892851
27.155936016119995
23.60483505654736
23.60374506547896
27.06011160354069
27.06001392071539
23.061039713201808
23.06572843095921
22.497285952273387
22.49778232277913
22.90092599533648
22.886088135840737
25.523248271733337
25.52082882172249
25.30875490938888
25.304015704746234
24.283394685895928
24.29605499106742
23.633901505456265
23.6832667420598
23.627972086015347
23.629021149252594
23.08131754734984
22.857283189729515
27.298406963651814
27.272893773150827
21.734735001471336
21.739596319699558
27.20455029553159
27.203257376675538
21.547309224839296
21.543547507289418
27.228460830002405
27.228456334592465
25.44731129457182
25.446742875193422
24.811828983281657
24.807001206705536
22.61933905719127
22.614421106236136
22.508873335690282
22.50816737038633
27.397054993703478
27.397709783059554
22.79479813532805
22.79487025379501
27.374241686160076
27.372777568494257
21.690620571447766
21.691487379262412
29.321364419708743
29.321632309670576
27.401740167140133
27.400737906998074
21.169485355118695
21.169726278162557
27.540179879680636
27.540392071063707
21.75786401284938
21.871207283739977
27.539272618074165
27.539517144487945
21.394594021781813
21.361973002399623
27.537539209549777
27.53738058009003
24.622044649217514
24.62414759886883
23.764669290138045
23.765317808249506
22.894758535221968
22.900745295227125
20.94881884902952
20.94588581734274
20.893106641093595
20.893082308724047
25.63706983874181
25.63502117878238
25.587953326326215
25.594466001620958
24.6075987525046
24.63013509829557
24.486165258007986
24.48767535833781
24.462465211280914
24.459230953016686
26.055930087772367
26.061546834225055
26.03591044319819
26.03586506215015
25.50635808892912
25.50943396155003
24.531330384804733
24.58796802713414
24.350216454493193
24.349872482910996
24.314144358784688
24.314022533283378
25.93423436378839
25.935152846372375
25.906604555562126
25.90609002835754
25.74091963065439
25.739509057432542
24.030090101727183
24.003981503180057
23.835614757801068
23.842099422953424
23.79659707763369
23.79925726617546
25.669492724984366
25.667904566996413
25.335666721205598
25.33386504602049
23.647413424257024
23.84762541785858
23.544772025139196
23.535420227267196
23.464963018707863
23.461918124891895
25.435273411857906
25.438721818064096
25.258521208156708
25.2781955066298
23.53046987643893
23.52056389227812
23.476271884476432
23.475514718397676
23.451479896869955
23.45068457655566
25.37927373488469
25.38044998978694
24.59896111430271
24.60369317809159
23.706180233346572
23.655866445255242
23.48289076644528
23.482098298328765
23.458061790654824
23.458934462434286
24.96955180309783
24.96255565416459
24.960844185743326
24.960039516919096
23.572067811133252
23.572015592255866
23.522323144877532
23.522674194339515
23.492620036336575
23.493343829088076
23.836367525472724
23.873936334655582
23.862931384473086
23.863154223988545
23.628258042363314
23.632039381840855
23.529065456866533
23.536774998946726
23.49386214290587
23.49540606382334
24.095853155064788
24.068092566977384
24.00105554747597
24.00118219317619
23.955340864206732
23.954816222121508
23.927042820743736
23.928316600015478
23.928764665128597
